7995,7315448,7315490
8047,7315490,7315560
8118,7315560,7315610
8169,7315610,7315640
8200,7315640,7315690
8251,7315690,7315740
8303,7315740,7315790
8354,7315790,7315840
8397,7315840,7315860
8418,7315860,7315890
8456,7315890,7315940
8505,7315940,7315990
8559,7315990,7316040
8610,7316040,7316090
8661,7316090,7316140
8712,7316140,7316190
8763,7316190,7316240
8815,7316240,7316290
8866,7316290,7316340
8917,7316340,7316390
8968,7316390,7316440
9018,7316440,7316490
9060,7316490,7316510
9091,7316510,7316540
9122,7316540,7316590
9173,7316590,7316640
9214,7316640,7316660
9245,7316660,7316690
9265,7316690,7316710
9296,7316710,7316740
9316,7316740,7316760
9347,7316760,7316790
9368,7316790,7316810
9396,7316810,7316840
9423,7316840,7316860
9439,7316860,7316890
9470,7316890,7316910
9501,7316910,7316940
9521,7316940,7316960
9550,7316960,7316990
9572,7316990,7317010
9603,7317010,7317040
9624,7317040,7317060
9654,7317060,7317090
9675,7317090,7317110
9705,7317110,7317140
9726,7317140,7317160
9757,7317160,7317190
9777,7317190,7317210
9808,7317210,7317240
9828,7317240,7317260
9859,7317260,7317290
9880,7317290,7317310
9910,7317310,7317340
9931,7317340,7317360
9961,7317360,7317390
9982,7317390,7317410
10013,7317410,7317440
10034,7317440,7317460
10064,7317460,7317490
10084,7317490,7317510
10106,7317510,7317540
10136,7317540,7317560
10166,7317560,7317590
10187,7317590,7317610
10215,7317610,7317640
10238,7317640,7317660
10258,7317660,7317690
10289,7317690,7317710
10320,7317711,7317740
10340,7317740,7317760
10361,7317760,7317790
10392,7317790,7317810
10412,7317810,7317840
10443,7317840,7317860
10463,7317860,7317890
10494,7317890,7317910
10516,7317910,7317940
10545,7317940,7317960
10566,7317960,7317990
10596,7317990,7318010
10617,7318010,7318040
10648,7318040,7318060
10668,7318060,7318090
10699,7318090,7318110
10721,7318110,7318160
10770,7318160,7318190
10801,7318190,7318210
10822,7318210,7318240
10857,7318240,7318260
10873,7318260,7318290
10904,7318290,7318310
10925,7318310,7318340
10955,7318340,7318360
10975,7318360,7318390
11006,7318390,7318410
11026,7318410,7318440
11057,7318440,7318460
11078,7318460,7318490
11119,7318490,7318540
11160,7318540,7318560
11180,7318560,7318590
11211,7318590,7318610
11231,7318610,7318640
11262,7318640,7318660
11282,7318660,7318690
11313,7318690,7318710
11335,7318710,7318740
11364,7318740,7318760
11385,7318760,7318790
11416,7318790,7318810
11436,7318810,7318840
11467,7318840,7318860
11487,7318860,7318890
11518,7318890,7318910
11540,7318910,7318940
11569,7318940,7318960
11590,7318960,7318990
11620,7318990,7319010
11641,7319010,7319040
11672,7319040,7319060
11692,7319060,7319090
11723,7319090,7319110
11745,7319110,7319140
11778,7319140,7319160
11794,7319160,7319190
11825,7319190,7319210
11846,7319210,7319240
11876,7319240,7319260
11900,7319260,7319290
11928,7319290,7319310
11949,7319310,7319340
11979,7319340,7319360
11999,7319360,7319410
12050,7319410,7319440
12081,7319440,7319460
12102,7319460,7319490
12134,7319490,7319510
12168,7319510,7319560
12204,7319560,7319590
12235,7319590,7319610
12255,7319610,7319640
12286,7319640,7319660
12307,7319660,7319690
12337,7319690,7319710
12359,7319710,7319740
12388,7319740,7319760
12409,7319760,7319790
12440,7319790,7319810
12460,7319810,7319840
12491,7319840,7319860
12511,7319860,7319890
12542,7319890,7319910
12564,7319910,7319940
12593,7319940,7319960
12614,7319960,7319990
12644,7319990,7320010
12665,7320010,7320040
12696,7320040,7320060
12719,7320060,7320090
12747,7320090,7320110
12769,7320110,7320140
12798,7320140,7320160
12818,7320160,7320217
12880,7320217,7320240
12900,7320240,7320260
12922,7320260,7320290
12952,7320290,7320310
12973,7320310,7320340
13003,7320340,7320360
13023,7320360,7320390
13064,7320390,7320440
13105,7320440,7320460
13126,7320460,7320490
13156,7320490,7320510
13178,7320510,7320540
13218,7320540,7320590
13259,7320590,7320610
13279,7320610,7320640
13310,7320640,7320660
13331,7320660,7320710
13383,7320710,7320740
13412,7320740,7320760
13433,7320760,7320790
13464,7320790,7320810
13484,7320810,7320840
13515,7320840,7320860
13535,7320860,7320890
13566,7320890,7320910
13597,7320911,7320940
13617,7320940,7320960
13638,7320960,7320990
13668,7320990,7321010
13689,7321010,7321040
13720,7321040,7321060
13741,7321060,7321090
13771,7321090,7321110
13793,7321110,7321140
13822,7321140,7321160
13843,7321160,7321190
