22370,7329473,7329510
22411,7329511,7329540
22442,7329540,7329590
22506,7329590,7329640
22553,7329640,7329690
22596,7329690,7329740
22647,7329740,7329770
22678,7329770,7329810
22719,7329810,7329840
22742,7329840,7329860
22770,7329860,7329890
22793,7329890,7329910
22821,7329910,7329940
22852,7329940,7329990
22900,7329990,7330040
22954,7330040,7330090
23005,7330090,7330140
23056,7330140,7330190
23108,7330190,7330240
23159,7330240,7330290
23210,7330290,7330340
23262,7330340,7330390
23313,7330390,7330440
23364,7330440,7330490
23415,7330490,7330540
23456,7330540,7330560
23487,7330560,7330590
23507,7330590,7330610
23538,7330610,7330640
23558,7330640,7330660
23589,7330660,7330690
23609,7330690,7330710
23640,7330710,7330740
23661,7330740,7330760
23691,7330760,7330790
23722,7330790,7330840
23763,7330840,7330860
23784,7330860,7330890
23816,7330890,7330910
23849,7330910,7330960
23896,7330960,7330990
23917,7330990,7331010
23947,7331010,7331040
23973,7331040,7331060
23999,7331060,7331090
24019,7331090,7331110
24050,7331110,7331140
24070,7331140,7331160
24101,7331160,7331190
24121,7331190,7331210
24152,7331210,7331240
24173,7331240,7331260
24203,7331260,7331290
24224,7331290,7331310
24255,7331310,7331340
24277,7331340,7331360
24306,7331360,7331390
24326,7331390,7331410
24357,7331410,7331440
24378,7331440,7331460
24408,7331460,7331490
24430,7331490,7331510
24459,7331510,7331540
24480,7331540,7331560
24500,7331560,7331590
24531,7331590,7331610
24552,7331610,7331640
24582,7331640,7331660
24603,7331660,7331690
24644,7331690,7331740
24685,7331740,7331760
24705,7331760,7331790
24736,7331790,7331810
24767,7331810,7331840
24787,7331840,7331860
24808,7331860,7331890
24838,7331890,7331910
24869,7331911,7331940
24900,7331940,7331990
24941,7331990,7332010
24961,7332010,7332040
24992,7332040,7332060
25012,7332060,7332090
25043,7332090,7332110
25065,7332110,7332140
25094,7332140,7332160
25115,7332160,7332240
25197,7332240,7332260
25217,7332260,7332290
25248,7332290,7332310
25270,7332310,7332330
25299,7332330,7332360
25320,7332360,7332390
25350,7332390,7332410
25371,7332410,7332440
25402,7332440,7332460
25422,7332460,7332490
25453,7332490,7332510
25474,7332510,7332540
25514,7332540,7332590
25555,7332590,7332610
25576,7332610,7332640
25606,7332640,7332660
25627,7332660,7332690
25659,7332690,7332710
25688,7332710,7332740
25709,7332740,7332760
25729,7332760,7332790
25760,7332790,7332810
25780,7332810,7332840
25812,7332840,7332860
25832,7332860,7332890
25862,7332890,7332910
25884,7332910,7332940
25914,7332940,7332960
25944,7332960,7332990
25965,7332990,7333010
25985,7333010,7333040
26016,7333040,7333060
26036,7333060,7333090
26067,7333090,7333110
26089,7333110,7333140
26118,7333140,7333160
26139,7333160,7333190
26180,7333190,7333240
26222,7333240,7333260
26241,7333260,7333290
26274,7333290,7333310
26294,7333310,7333340
26327,7333340,7333360
26344,7333360,7333390
26376,7333390,7333410
26395,7333410,7333440
26427,7333440,7333460
26446,7333460,7333540
26529,7333540,7333560
26559,7333560,7333590
26579,7333590,7333610
26600,7333610,7333640
26630,7333640,7333660
26651,7333660,7333690
26682,7333690,7333710
26703,7333710,7333740
26733,7333740,7333760
26753,7333760,7333790
26784,7333790,7333810
26804,7333810,7333840
26835,7333840,7333860
26856,7333860,7333890
26886,7333890,7333910
26908,7333910,7333940
26938,7333940,7333960
26958,7333960,7333990
26989,7333990,7334010
27009,7334010,7334040
27040,7334040,7334060
27060,7334060,7334090
27092,7334090,7334110
27113,7334110,7334140
27153,7334140,7334190
27194,7334190,7334210
27224,7334210,7334240
27245,7334240,7334260
27265,7334260,7334290
27296,7334290,7334310
27318,7334310,7334340
27348,7334340,7334360
27368,7334360,7334390
27398,7334390,7334410
27419,7334410,7334440
27450,7334440,7334460
27470,7334460,7334490
27511,7334490,7334540
27552,7334540,7334560
27572,7334560,7334590
27603,7334590,7334610
27624,7334610,7334640
27654,7334640,7334660
27675,7334660,7334690
27706,7334690,7334710
27736,7334711,7334790
27808,7334790,7334810
27828,7334810,7334840
27859,7334840,7334860
27880,7334860,7334890
27910,7334890,7334910
27932,7334910,7334940
27962,7334940,7334960
27982,7334960,7334990
28015,7334990,7335010
28033,7335010,7335040
28064,7335040,7335060
28084,7335060,7335090
28115,7335090,7335110
28137,7335110,7335140
28168,7335140,7335160
28197,7335160,7335190
28218,7335190,7335210
28238,7335210,7335240
28269,7335240,7335260
